# keyframe format v1
fps 0
0
237
251
252
253
254
261
263
265
267
269
633
659
707
709
773
966
1009
1093
1111
1139
1253
1305
1373
1412
1502
1513
1522
1523
1526
1603
1635
1639
1640
1649
1666
1670
1683
1684
1686
1688
1699
1700
1701
1702
1703
1720
1735
1750
1752
1757
1758
1762
1763
1764
1776
1788
1799
1809
1818
1826
1832
1834
1852
1855
1900
1905
1908
2158
2278
2366
2745
2792
2907
3486
3797
4015
4032
4033
4034
4120
4275
4356
4358
4400
4442
4495
4539
4628
4741
5358
5483
5578
5685
5866
6002
6145
6300
6395
6490
6585
6587
6623
6671
6716
6733
6763
6798
7176
7226
7259
7302
7365
7453
7730
7795
8028
8357
8416
8555
8693
8772
8831
8878
8948
8998
9079
9144
9299
9376
9482
9645
9701
9710
9829
9871
9926
9969
10024
10089
10125
10160
10167
10175
10246
10350
10556
10629
10694
10716
10746
10833
10900
10939
11166
11285
11357
11429
11585
11705
11815
11884
11913
11984
12074
12180
12216
12287
12367
12471
12527
12560
12636
12707
12729
12886
12907
12943
13032
13049
13073
13091
13233
13290
13351
13614
13635
13659
13687
13758
13865
13975
14103
14397
14480
14516
14548
14593
14821
15031
15220
15408
15430
15777
15806
15824
15937
16056
16115
16162
16281
16364
16497
16572
16638
16716
16754
16871
16904
16953
16964
16966
16968
17054
17166
17286
17297
17299
17387
17421
17445
17469
17493
17528
17543
17560
17576
17636
17671
17706
17720
17751
17780
17839
17886
17888
17890
17892
17910
17995
18086
18241
18285
18341
18424
18561
18602
18679
18722
18847
18882
18918
18990
19091
19354
19473
19592
19742
19885
19956
19970
20053
20090
20113
20139
20208
20267
20326
20409
20459
20530
20613
20679
20762
20827
20958
20969
21004
21063
21146
21171
21203
21263
21314
21338
21397
21462
21487
21536
21622
21719
21775
21829
21860
21893
21928
22002
22090
22230
22319
22330
22341
22352
22471
22529
22642
22819
22902
22921
23008
23136
23333
23356
23463
23528
23618
23684
23755
23802
23862
24012
24029
24064
24082
24183
24243
24362
24433
24552
24671
24754
24951
25268
25327
25351
25376
25435
25543
25600
25683
25928
26071
26142
26269
26340
26435
26578
26600
26707
26760
26834
26887
26988
27056
27367
27426
27559
27652
27801
27968
27991
28021
28049
28112
28162
28221
28316
28765
28824
29532
29687
29758
29841
29960
30013
30060
30114
30167
30368
30511
30750
30809
31084
31659
31940
32527
32610
32789
32801
32803
32873
32908
33002
33097
33204
33274
33333
33428
33463
33504