# keyframe format v1
fps 0
0
84
168
286
544
586
716
871
915
1084
1191
1375
1389
1528
1613
1654
1714
1798
2765
2808
2892
2910
2938
3052
3104
3172
3211
3301
3312
3321
3322
3325
3405
3434
3438
3439
3448
3465
3469
3482
3483
3485
3487
3488
3498
3499
3500
3501
3502
3519
3534
3549
3551
3556
3557
3561
3562
3563
3575
3587
3598
3608
3617
3625
3631
3633
3651
3654
3699
3704
3707
3957
4225
4305
4364
4404
4601
4634
4756
4977
5077
5220
5253
5276
5293
5376
5392
5397
5406
5433
5462
5520
5693
5758
5936
6103
6277
6780
7025
7144
7227
7292
7313
7381
7506
7605
7713
7804
7911
7976
8011
8117
8179
8238
8297
8356
8421
8480
8572
8608
8655
8744
8815
8862
9077
9116
9130
9195
9272
9324
9431
9454
9488
9555
9585
9586
9620
9655
9736
9775
9882
9982
10073
10126
10191
10280
10334
10384
10551
10664
10729
10872
10987
11093
11244
11453
11512
12071
12166
12216
12387
12482
12544
12590
12631
12690
12719
12754
12795
12818
12883
12924
13004
13158
13229
13276
13412
13447
13505
13564
13611
13656
13697
13725
13769
13835
14026
14121
14142
14297
14398
14810
15169
15354
15400
15489
15758
15901
16069
16201
16369
16408
16430
16513
16538
16597
16620
16703
16786
17073
17191
17310
17407
17502
17657
17752
17901
18013
18174
18293
18544
18710
18805
18930
18953
19012
19019
19021
19036
19089
19158
19301
19483
19883
20278
20404
20812
20880
20915
20963
21005
21023
21041
21084
21143
21232
21291
21354
21440
21533
21676
21807
21946
22101
22207
22278
22360
22492
22572
22817
23001
23072
23179
23394
23652
23828
23893
24024
24293
24508
24717
24824
24899
24909
24923
24952
25167
25428
25464
25524
25560
25604
25658
25741
25811
25846
25881
25972
26008
26068
26151
26204
26376
26483
26754
26803
26820
26832
26885
27227
27250
27263
27297
27481
27528
27641
27703
27720
27779
27845
27958
28038
28103
28176
28223
28274
28310
28372
28414
28453
28499
28758
28944
29116
29181
29348
29389
29440
29620
29698
29757
29900
29953
30042
30128
30184
30264
30302
30409
30456
30671
30676
30685
30760
30811
30829
30848
30901
30920
30943
30966
31055
31081
31150
31158
31221
31334
31620
31733
31780
31858
31908
31995
32099
32134
32301
32360
32398
32529
32630
32713
33101
33158
33277
33354
33449
33539
33568
33687
33714
33749
33788
33812
33854
33883
33908
33952
33984
34006