# keyframe format v1
fps 0
0
238
252
253
254
255
262
264
266
268
270
634
660
708
710
771
967
1010
1094
1140
1254
1306
1374
1413
1503
1514
1523
1524
1527
1607
1636
1640
1641
1650
1667
1671
1684
1685
1687
1688
1689
1700
1701
1702
1703
1704
1721
1736
1751
1753
1758
1759
1763
1764
1765
1777
1789
1800
1810
1819
1827
1833
1835
1853
1856
1901
1906
1909
2158
2260
2331
2570
2684
2755
2875
2946
3302
3577
3756
3899
3928
4015
4074
4103
4179
4250
4383
4468
4617
4677
4840
4980
5185
5256
5298
5393
5442
5528
5902
6331
6507
6936
7097
7210
7339
7459
7638
7733
7875
7970
8101
8489
8560
8703
8750
8960
9066
9101
9328
9423
9512
9553
9696
10233
10394
10639
10758
11039
11102
11176
11211
11515
11742
11789
11950
12047
12172
12189
12192
12429
12473
12520
12888
12989
13127
13298
13352
13517
13675
13737
14031
14116
14259
14342
14568
14782
14955
15062
15241
15336
15411
15565
15613
15669
15724
15879
15950
16029
16180
16215
16274
16423
16602
16709
16753
16807
16882
16977
17006
17047
17089
17130
17225
17279
17506
17595
17732
17791
17826
17873
17950
18037
18077
18103
18210
18211
18287
18352
18423
18590
18623
18692
18883
19002
19037
19100
19135
19376
19537
19608
19727
19901
19990
20109
20208
20674
20733
20792
20947
21018
21426
21841
22077
22197
22279
22435
22512
22648
22712
22765
22860
22880
23113
23166
23363
23464
23550
23571
23601
23629
23653
23697
23744
23821
23919
23954
24127
24156
24191
24289
24360
24383
24423
24458
24509
24652
24783
24830
24870
24953
24993
25130
25213
25243
25352
25455
25928
26311
26454
26519
26530
26571
26738
26802
26837
26848
26877
26888
26917
26976
27023
27052
27069
27122
27163
27263
27280
27309
27383
27410
27445
27474
27509
27628
27664
27699
27759
27843
27926
27973
28097
28291
28386
28541
28576
28611
28700
28819
28938
28979
29431
29519
29524
29527
29533
29535
29541
29579
29610
29645
29667
29681
29682
29683
29684
29705
29712
29718
29749
29753
29764
29767
29819
29831
29835
29840
29848
29889
29895
29970
29978
29983
30012
30027
30049
30058
30081
30088
30109
30114
30243
30311
30346
30402
30427
30480
30544
30606
30677
30767
30840
30887
31029
31100
31147
31212
31457
31527
33685
33713
33739
33748
33760
33783
33803
33824
33850
33879
33902
33929
33940
33951
33987