# keyframe format v1
fps 0
0
182
208
275
339
446
506
569
720
791
882
930
1017
1087
1300
1449
1538
1597
1630
1728
1766
1801
1852
1944
2046
2109
2144
2155
2184
2195
2218
2277
2287
2340
2375
2467
2484
2513
2563
2592
2645
2678
2714
2746
2783
2818
2861
2985
3163
3189
3225
3247
3273
3333
3404
3464
3505
3564
3623
3681
3689
3694
3723
3738
3765
3769
3792
3799
3820
3825
3954
4023
4037
4062
4115
4179
4241
4285
4312
4402
4470
4512
4627
4865
4879
4880
4881
4882
4889
4891
4893
4895
4897
5261
5287
5335
5337
5396
5594
5637
5721
5767
5881
5933
6001
6040
6130
6141
6150
6151
6154
6234
6263
6267
6268
6277
6294
6298
6311
6312
6314
6315
6316
6327
6328
6329
6330
6331
6348
6363
6378
6380
6384
6385
6386
6390
6391
6392
6404
6416
6427
6437
6446
6454
6460
6462
6480
6483
6528
6533
6536
6785
6905
7048
7097
7193
7313
7357
7459
7546
7563
7668
7830
7968
8255
8293
8344
8472
8591
8611
8700
8729
8803
8862
9023
9140
9277
9299
9310
9327
9340
9353
9395
9412
9431
9434
9495
9542
9567
9569
9613
9666
9702
9725
9759
9800
9842
9878
9921
9955
9979
10015
10043
10090
10239
10421
10444
10465
10509
10578
10613
10655
10671
10757
10834
10911
10964
11041
11136
11202
11447
11500
11535
11583
11654
11701
11730
11778
11866
11885
11897
11956
12004
12040
12084
12179
12200
12247
12330
12448
12513
12608
12679
12754
12864
12905
12971
13018
13065
13187
13251
13310
13357
13392
13469
13516
13563
13604
13651
13770
13817
13864
13971
14102
14149
14298
14339
14398
14417
14476
14547
14597
14833
14928
14975
15047
15083
15109
15133
15168
15207
15266
15301
15348
15401
15423
15447
15471
15581
15598
15606
15647
15697
15756
15827
15874
15945
16078
16278
16421
16576
16686
16784
16885
17538
17738
17848
17943
18014
18205
18336
18359
18624
18678
18708
18737
18757
18796
18830
18858
18885
18908
18941
19010
19047
19090
19222
19488
19697
19745
19936
20049
20138
20215
20393
20513
20591
20644
20742
21096
21156
21182
21224
21355
21423
21501
21566
21613
21696
21731
21770
21852
21917
21941
22060
22155
22310
22332
22384
22404
22426
22521
22580
22633
22668
22727
22929
23015
23135
23255
23368
23480
23509
23538
23624
23648
23809
24105
24164
24199
24218
24298
24321
24339
24364
24368
24379
24413
24430
24447
24464
24487
24531
24644
24784
24873
24932
24967
25044
25130
25231
25344
25409
25579
25601
25625
25654
25833
25949
25996
26067
26091
26113
26146
26217
26288
26409
26595
26727
26876
27122
27313
27330
27368
27917
28015
28278
28424
28525
28572
28597
28668
28742
28776
28799
28834
28983
29072
29155
29232
29321
29345
29435
29521
29579
29598
29657
29700
29759
29830
29893
29964
30035
30094
30213
30338
30397
30694
30753
30836
30895
30955
30991
31027
31069
31119
31168
31212
31295
31354
31527
33685
33692
33716
33741
33767
33793
33808
33828
33854
33887
33901
33927
33957
33987