# keyframe format v1
fps 0
0
23
59
96
156
278
407
478
742
944
1000
1118
1144
1315
1534
1732
1802
1832
2025
2254
3209
3264
3392
3778
3895
3921
3925
3955
3956
3957
3990
4017
4018
4019
4031
4043
4054
4064
4073
4081
4087
4089
4107
4110
4155
4160
4163
4531
4614
4727
4811
4894
4952
5045
5176
5271
5345
5656
5748
5795
5878
5961
6026
6133
6175
6302
6379
6463
6486
6581
6605
6629
6653
6677
6725
6762
6845
6931
7053
7159
7238
7323
7496
7591
7686
7865
7972
8055
8149
8316
8423
8554
8573
8613
8676
8708
8709
8746
8833
9241
9276
9313
9330
9339
9392
9416
9499
9522
9524
9527
9556
9608
9665
9736
9840
9917
10000
10034
10081
10134
10167
10264
10322
10415
10484
10548
10611
10712
10879
10992
11189
11260
11661
11762
11827
11869
12021
12104
12187
12450
12554
12604
12668
12787
13069
13153
13190
13273
13330
13393
13509
13570
13613
13655
13674
13740
13743
13804
13838
14072
14128
14145
14173
14198
14243
14284
14315
14378
14404
14441
14502
14510
14557
14596
14711
14758
14945
15108
15160
15222
15270
15338
15371
15425
15443
15453
15477
15529
15587
15728
15823
15872
15896
15923
15982
16064
16102
16184
16252
16318
16383
16526
16574
16741
16848
17003
17368
17647
17673
17807
17939
18139
18210
18269
18322
18405
18459
18497
18527
18542
18574
18605
18724
18831
18908
18931
19004
19033
19035
19067
19098
19215
19269
19436
19479
19538
19606
19683
19733
19769
19824
20303
20347
20378
20539
20580
20647
20685
20708
20772
20900
20936
21022
21129
21170
21246
21629
21983
22227
22228
22658
22813
22868
22953
23018
23077
23123
23218
23300
23359
23418
23452
23500
23549
23712
23747
23783
23819
23900
24040
24073
24121
24198
24257
24323
24562
24657
24727
24918
24992
25206
25394
25483
25602
25691
25750
25893
25988
26161
26388
26483
26578
26697
26918
27073
27330
27372
27558
27671
27778
27810
27907
28107
28226
28321
28381
28480
28701
28752
28892
28944
29039
29358
29476
29560
29715
29877
30187
30307
30580
30643
30682
30740
30788
30845
30892
31011
31233
31352
31528
33686
33729
33746
33763
33789
33813
33831
33846
33867
33896
33930
33956
33992