# keyframe format v1
fps 0
0
238
252
253
254
255
262
264
266
268
270
634
660
708
710
765
967
1010
1094
1112
1140
1254
1306
1374
1413
1503
1514
1523
1524
1527
1604
1636
1640
1641
1650
1667
1671
1684
1685
1687
1689
1690
1700
1701
1702
1703
1704
1721
1736
1751
1753
1758
1759
1763
1764
1765
1777
1789
1800
1810
1819
1827
1833
1835
1853
1856
1901
1906
1909
2158
2206
2258
2381
2401
2425
2545
2590
2655
2697
2845
2893
2946
2975
3025
3063
3112
3166
3199
3222
3237
3258
3293
3312
3336
3380
3460
3491
3572
3655
3888
3971
4070
4142
4195
4260
4375
4434
4640
4699
4856
4908
4956
5001
5108
5167
5244
5298
5417
5465
5657
5722
5817
5858
5961
6078
6168
6270
6423
6447
6542
6720
6815
6974
7153
7206
7351
7416
7507
7645
7687
7807
7881
8000
8057
8188
8281
8496
8528
8773
9013
9038
9379
9580
9675
9822
9878
9907
9948
10175
10303
10410
10517
10601
10750
11102
11134
11205
11302
11368
11439
11506
11633
11765
11872
12075
12102
12121
12144
12206
12287
12339
12414
12490
12524
12636
12690
13206
13272
13588
13742
13771
13807
13956
14148
14209
14484
14576
14647
14710
14712
14742
14882
14900
14934
14956
14980
14986
14998
15012
15065
15184
15224
15512
15764
15990
15993
15996
16005
16026
16134
16161
16192
16287
16358
16408
16425
16623
16641
16685
16704
16819
17014
17055
17150
17286
17333
17398
17488
17547
17606
17623
17640
17699
17740
17851
18012
18085
18507
18599
18707
18729
18799
18849
18872
18895
18931
19058
19112
19170
19235
19452
19508
19545
19586
19652
19683
19804
19841
19906
20504
20542
20583
20695
20890
21065
21124
21215
21262
21501
21590
21649
21708
21777
21817
21906
22079
22260
22353
22492
22530
22814
23076
23207
23327
23470
23534
23605
23699
23831
23960
24007
24209
24304
24418
24516
24643
24888
25063
25095
25353
25596
25738
25773
25806
25876
25929
26037
26097
26132
26179
26244
26285
26416
26464
26499
26555
26623
26712
26870
27020
27119
27159
27254
27522
27635
27675
27733
27797
27856
27960
28031
28143
28424
28620
28910
28994
29123
29143
29173
29207
29262
29304
29382
29447
29530
29725
29953
30228
30472
30543
30674
30835
31098
31300
31364
31385
31527
33685
33706
33734
33751
33784
33821
33835
33865
33893
33907
33923
33943
33965
33992
34023